7.436204E-6
4.057395E-7
9.0354206E-8
0
0
3.3810188E-6
9.566849E-7
6.627682E-8
3.983935E-9
1.3323744E-7
4.0965506E-6
4.625233E-9
1.8813737E-6
2.0243045E-9
3.848444E-9
7.158728E-7
8.633344E-7
1.5700496E-6
4.962629E-7
3.7990534E-7
2.4081753E-6
5.701687E-6
1.12579066E-7
0
0
3.914615E-5
2.0431612E-6
8.4999056E-7
1.1636946E-6
6.8504875E-7
2.419425E-6
2.2675228E-7
2.3759487E-6
5.547361E-8
9.2577875E-7
5.3404698E-8
1.3402934E-6
5.2985757E-5
5.532857E-6
1.7063526E-7
8.10875E-6
8.8171277E-7
4.225615E-7
0
0
2.8010803E-9
2.3866045E-7
1.4077574E-6
1.0020653E-5
3.1663872E-6
1.6327192E-7
1.3394644E-7
4.3383778E-7
9.2749406E-7
1.4108046E-7
2.7556732E-6
6.284048E-8
7.4160766E-7
1.8478435E-6
2.005154E-8
1.0783052E-9
5.5599667E-9
4.201779E-9
