2.4883282E-5
5.3760277E-6
2.3229693E-6
2.229753E-6
5.215579E-7
5.7622783E-5
3.6006988E-6
3.282873E-5
3.2994894E-8
1.1430755E-5
8.205052E-7
2.62598E-5
1.8411825E-8
4.882279E-7
1.4230338E-6
4.3840195E-8
2.905725E-5
1.3657822E-5
4.3189752E-6
7.082905E-6
3.8832745E-6
9.667654E-5
8.30858E-8
6.503159E-5
8.11591E-6
3.141557E-5
1.7214683E-5
4.6328904E-7
2.924002E-4
5.4560674E-6
7.245873E-4
4.5099947E-7
1.7684251E-5
1.1621607E-6
5.592499E-5
8.0465054E-7
1.1479217E-5
4.75313E-5
2.4676698E-5
6.660906E-5
6.660906E-5
6.660906E-5
6.660906E-5
6.660906E-5
1.1347312E-6
3.7329102E-7
3.2450629E-9
1.0927142E-6
4.1697967E-5
2.7142317E-4
3.4527557E-6
2.787877E-6
6.2532076E-6
3.2483363E-6
2.6787661E-6
