1.06768224E-4
6.183907E-6
1.2339882E-4
9.87411E-6
4.1626132E-7
2.0454133E-4
2.0338197E-5
2.0334224E-4
5.2826103E-6
1.1654947E-5
5.3946324E-6
0.0069145714
1.406825E-4
1.937453E-4
5.9823084E-5
3.352882E-4
0.0042986264
0.0017111774
2.3066216E-4
7.429188E-5
2.6978018E-6
0.002500116
2.2793165E-5
0.0012288393
1.1456263E-4
0.004241581
0.006044724
9.3239965E-4
0.0032284916
6.724262E-4
0.011846513
7.3936314E-4
0.0026328226
4.5256084E-4
0.0016462276
5.061227E-5
0.0035696465
0.003219555
1.3992064E-4
5.434286E-5
7.427658E-5
8.71911E-5
0.0011428103
5.742678E-5
