6.1351197E-6
3.305113E-6
1.1883001E-5
9.572076E-6
5.0032446E-7
4.6096688E-5
2.1497742E-7
9.095503E-5
2.3404914E-7
3.110725E-6
7.253801E-6
7.7134486E-5
1.8347342E-6
1.7662357E-7
9.286737E-6
1.1659741E-5
2.0986088E-5
2.4822151E-5
4.547737E-5
1.6481421E-6
4.7754024E-6
1.2887968E-4
9.743734E-7
8.597937E-5
4.285725E-5
8.573517E-5
2.3577973E-5
1.39279255E-5
5.6870696E-5
3.0906895E-6
2.76977E-5
2.179622E-7
2.1716123E-4
4.7635513E-6
1.7332853E-4
1.2791896E-6
2.158982E-5
1.981861E-4
2.2320987E-6
1.5599473E-5
1.5599473E-5
1.5599473E-5
1.5599473E-5
1.5599473E-5
5.702478E-6
1.7148224E-6
1.5332003E-7
3.2734453E-5
1.1538039E-5
1.3444904E-4
2.0503621E-5
4.7263966E-5
3.4331977E-6
3.7357913E-5
2.0303998E-5
