8.076711E-6
3.2325895E-6
1.6319182E-5
8.211655E-5
1.6086062E-7
3.64091E-5
1.4563113E-6
1.1782243E-4
1.2479585E-6
5.067599E-6
1.6084101E-4
0.01043254
2.5629962E-4
1.3711235E-4
5.0342624E-4
5.047214E-4
9.424461E-5
9.187977E-4
2.3264187E-5
6.319783E-4
1.756647E-5
9.6251146E-4
9.772028E-7
7.2939834E-4
9.93E-4
0.00456883
5.9153663E-4
7.0149184E-4
2.0777798E-5
1.9215631E-4
2.2285237E-4
6.95534E-5
7.9926633E-4
0.0025036733
0.011419321
7.462188E-5
2.0240778E-4
7.9995174E-5
2.3905652E-5
6.2548046E-5
8.2271833E-7
8.683642E-6
3.4383716E-5
5.800626E-5
1.1094135E-5
1.1065446E-7
1.0631549E-7
1.2450297E-5
1.2778841E-4
0.0011176612
4.1520805E-5
6.296538E-5
1.0300066E-4
1.7252003E-4
5.3164473E-5
