2.1926833E-5
5.5222536E-6
6.970644E-6
2.4736495E-5
5.094258E-7
2.6431915E-5
6.220163E-7
3.408546E-5
1.0646977E-6
3.6924566E-6
1.1323981E-5
2.0600234E-4
4.8739814E-5
1.8593634E-4
6.423838E-5
2.997852E-4
1.1417485E-4
1.864523E-4
1.7851748E-4
6.0422422E-5
3.4295113E-6
3.4897527E-4
1.111524E-6
0.0020078144
5.05996E-4
7.8625913E-4
4.9725015E-5
8.791125E-5
6.621907E-6
1.5599473E-5
7.7439385E-5
1.4203928E-4
0.0016398274
8.846508E-5
1.8011835E-4
9.178951E-6
1.1210935E-4
3.1848842E-5
1.9753521E-5
1.0533611E-4
7.228521E-6
3.0332278E-6
1.3610102E-4
6.8463733E-6
2.5470625E-5
1.4824125E-6
2.4039177E-6
