1.836853E-7
1.9188297E-8
1.996408E-7
3.1267797E-7
8.1983664E-8
1.116643E-6
6.4005684E-10
1.567184E-5
6.413727E-8
1.8160042E-6
4.4690736E-5
2.3690122E-7
2.0189415E-7
4.4041911E-7
2.3286124E-7
4.6692378E-7
2.1619087E-5
1.2776064E-4
8.0875185E-7
5.1293437E-6
2.8735937E-7
1.54747E-5
3.2934189E-9
5.974554E-6
5.2651153E-6
0.0015288835
1.22447E-4
4.8039396E-6
5.691647E-6
1.2962498E-7
2.810434E-7
7.0031075E-7
7.994827E-6
3.8452708E-7
4.0285286E-6
4.860933E-7
1.3595264E-6
2.9667679E-6
2.650616E-6
4.1665553E-6
2.3899963E-8
1.1066712E-7
2.1219E-8
2.3078462E-7
2.8186793E-8
1.3882966E-9
3.226275E-9
2.7979428E-7
4.3797388E-7
5.285287E-5
2.5233567E-7
1.3137219E-6
4.8233762E-8
1.4367363E-6
8.017035E-7
