3.42773E-7
2.5657548E-7
4.580671E-8
7.701605E-8
8.960918E-8
3.5376752E-6
2.0554875E-8
3.3671815E-5
6.558837E-9
3.474034E-7
6.678217E-8
1.636569E-6
1.2258716E-8
2.7802517E-7
1.8335163E-7
3.5865716E-7
2.887192E-5
2.038152E-6
1.9113159E-7
5.455073E-5
4.5084337E-7
3.96137E-4
3.622754E-8
1.888973E-5
2.3678967E-5
1.5609231E-4
6.2924846E-7
3.7745664E-5
5.53791E-7
7.26926E-7
1.9367244E-5
8.77995E-8
1.8438352E-6
8.245115E-7
1.5831098E-5
4.20587E-8
1.6662941E-6
5.0089307E-7
3.8233364E-7
9.11565E-7
5.6281243E-7
3.9288022E-7
6.508435E-8
1.6532638E-6
2.9381201E-6
1.0242927E-9
1.4306682E-8
1.4733387E-6
4.6021492E-7
2.1273045E-5
3.08106E-7
2.2727154E-7
7.438071E-8
1.8031053E-6
5.5954513E-7
