3.6086818E-5
6.6507664E-6
6.501207E-6
8.066351E-7
1.2834769E-6
1.7694701E-5
4.826167E-6
1.36466215E-5
2.5677881E-8
3.620403E-6
8.891452E-7
4.7911315E-5
5.0399734E-8
5.4081545E-7
8.814706E-7
1.759563E-7
2.972125E-5
7.234861E-5
5.2126857E-6
3.0170815E-5
2.4299693E-6
1.0133298E-5
1.1672681E-7
1.3330141E-6
1.31792995E-5
4.471E-6
4.6344644E-6
5.408649E-6
1.4952838E-5
6.660906E-5
2.3054492E-4
3.6418712E-6
9.326036E-6
5.30747E-5
1.897773E-6
7.701945E-6
4.24971E-5
2.5640611E-5
9.888819E-6
2.5530338E-5
1.43491E-5
5.741955E-5
1.649923E-5
3.0182475E-6
7.8082655E-7
7.702541E-8
2.3029847E-6
