7.495603E-5
1.281853E-6
1.455322E-6
2.6636383E-6
1.6997802E-6
1.1480492E-4
2.3524842E-6
7.5660967E-7
1.532268E-8
2.746887E-5
6.097728E-7
2.3953845E-7
1.908786E-6
5.881824E-6
7.512545E-6
3.3975857E-6
1.4851187E-5
3.0093854E-5
1.4736983E-5
3.3138777E-4
1.6246962E-5
2.6020025E-8
5.851464E-7
1.9809146E-8
1.1411317E-6
3.574469E-6
3.7285453E-4
2.750829E-5
3.6439192E-6
9.935504E-6
6.703924E-5
5.546606E-6
7.6264882E-6
1.6471231E-4
1.0702515E-6
2.0742568E-6
1.6210492E-5
1.9024124E-5
2.2398488E-6
7.144017E-7
1.318223E-6
1.35253795E-5
2.7897611E-5
3.039161E-6
1.8460595E-7
2.9348575E-8
2.2044283E-6
1.541164E-5
1.1859656E-4
9.8069995E-6
8.245247E-6
2.1735846E-6
1.4025242E-5
4.8209884E-5
2.6895152E-5
