2.5947733E-4
6.038688E-6
4.5720267E-6
6.889301E-6
1.1370695E-6
1.1619377E-4
2.1215578E-6
3.3973564E-7
1.8243226E-7
2.4902397E-6
3.4407594E-6
3.8058963E-7
2.8888766E-7
1.6200222E-5
3.0820315E-6
2.3944624E-6
3.3752396E-4
2.3479106E-5
6.768782E-5
2.4495976E-5
5.773519E-6
3.7670056E-6
6.635441E-7
2.4025605E-5
9.043062E-6
4.5229326E-6
1.3451627E-4
3.433377E-4
6.1953986E-5
1.5495687E-5
0.0023999955
2.1065066E-6
1.5810256E-6
3.579603E-5
9.204547E-8
4.7335952E-6
1.01472815E-5
4.229957E-5
1.2587472E-5
5.375574E-6
9.715143E-6
6.744645E-6
1.8416453E-5
4.2002135E-5
