4.699661E-7
3.1266052E-7
8.8317734E-8
0
0
1.8575674E-6
2.0044112E-8
1.04470466E-7
1.4521596E-8
3.2072634E-7
6.721586E-8
1.1204385E-8
9.573561E-8
3.0733587E-9
2.3196815E-8
7.91163E-8
5.323042E-7
5.9042762E-8
2.6548703E-8
2.7343237E-6
8.296075E-5
1.3348831E-7
1.6357708E-6
0
0
1.1827639E-7
8.209985E-8
1.2104573E-7
5.903668E-7
3.7635155E-7
2.3643062E-7
8.8601695E-8
2.2324724E-7
3.9021577E-7
1.1132904E-6
1.0555083E-7
1.5954039E-7
9.1324374E-8
5.661399E-6
6.713312E-8
3.67039E-8
1.2398912E-7
5.704128E-8
0
0
1.6918979E-10
3.1275285E-6
7.655163E-7
4.366589E-7
1.0827609E-7
8.7358853E-7
1.4105432E-6
1.5261901E-9
6.04975E-7
5.1408915E-6
9.617715E-7
1.1153553E-7
3.3152132E-6
1.6704407E-8
1.0697785E-6
2.8862571E-8
9.009749E-8
1.1420469E-7
