3.124767E-8
4.56191E-8
6.0363945E-8
1.73442E-7
9.10507E-8
9.767546E-8
2.7673513E-8
1.4368842E-9
4.2454392E-8
4.5364266E-7
9.565192E-9
6.1072E-8
4.557846E-8
5.132118E-6
1.5196427E-7
1.515919E-7
1.4429934E-5
3.4907358E-4
1.0219587E-6
2.575399E-6
1.7673839E-6
1.7092671E-7
5.558004E-6
8.478557E-6
8.397294E-6
4.90264E-6
0.0035498461
0.9821319
0.998632
0.93825704
0.07120148
6.616911E-8
3.5992404E-8
2.0268965E-7
3.747402E-9
7.455359E-7
9.983936E-9
9.824323E-7
3.7871757E-7
9.618655E-8
1.7461345E-5
3.7874567E-8
2.1821868E-5
2.3083876E-7
1.4079794E-8
1.7246917E-7
8.841875E-6
1.8975531E-6
7.512311E-9
4.5618446E-8
1.5027227E-7
2.9674483E-8
3.7753615E-8
1.8241086E-7
2.3028532E-7
8.717537E-8
3.730847E-9
1.2252241E-9
4.018386E-9
5.35727E-9
6.3050726E-7
4.937559E-9
8.455183E-8
1.1861182E-8
2.248176E-7
1.769452E-8
3.3798614E-8
5.5768563E-8
1.4958874E-7
1.18975365E-7
2.1794436E-8
1.3078967E-7
2.5571138E-8
6.840773E-7
3.6159076E-9
1.2143283E-7
1.8862346E-7
