1.6918979E-10
1.34342075E-8
4.567199E-8
0.0017142127
3.4385665E-9
1.4779383E-9
1.8940954E-6
4.603235E-8
3.0137608E-9
9.7668575E-9
8.8167366E-7
3.6187248E-7
2.3631648E-9
1.3498722E-8
4.084643E-8
3.5871714E-8
7.366605E-8
4.5265836E-9
2.0849335E-7
4.215906E-7
8.579127E-4
0.99621105
0.8349614
0.029477928
4.3149328E-7
2.4256317E-6
8.0979606E-7
1.2605721E-8
6.634407E-8
2.0298359E-7
3.3678444E-7
9.1308834E-8
1.67592E-7
4.799342E-7
1.3911725E-7
9.649678E-8
9.3558704E-8
6.178783E-8
2.4742135E-9
6.504581E-7
4.1244115E-7
1.9287368E-8
1.8114046E-9
6.5491456E-8
8.880646E-9
2.0895857E-6
5.2237553E-8
1.2474269E-8
1.4566237E-9
1.6918979E-10
1.6918979E-10
2.941009E-6
5.9191095E-8
2.4467049E-8
2.1329228E-8
1.771907E-7
1.360316E-9
4.0667305E-9
1.9210242E-8
6.96897E-8
1.7337124E-8
1.0550459E-8
2.6141016E-8
2.4150749E-8
6.227285E-8
6.2059546E-10
5.1826685E-8
2.2277884E-8
8.95607E-9
3.9543513E-10
