1.1081524E-7
6.227455E-8
1.6918979E-10
0
0
2.0964142E-8
8.1354584E-10
1.4262034E-8
1.6918979E-10
1.9477211E-8
1.2692649E-8
1.6918979E-10
2.4099798E-9
1.6918979E-10
1.0784764E-9
4.267064E-9
4.7272264E-10
1.1087244E-8
6.859572E-10
4.281992E-8
1.433343E-6
1.7408033E-7
1.3657836E-6
0
0
2.0330987E-8
5.4916205E-10
4.9408328E-8
2.3452304E-7
2.3281288E-8
3.310499E-9
2.079583E-8
7.272139E-9
4.239886E-8
2.4778773E-8
1.22400365E-8
2.11759E-9
2.4016015E-7
9.859182E-9
1.0821771E-7
7.4725826E-8
4.134475E-9
2.71857E-9
0
0
1.04515246E-4
2.578964E-6
2.7596544E-8
7.495793E-8
1.4873608E-7
3.299126E-8
2.9424328E-8
5.7858465E-9
1.01197216E-7
1.4008173E-8
1.0783212E-8
6.6011346E-10
1.7185913E-7
8.962721E-9
2.348288E-8
2.8970397E-9
1.6918979E-10
9.072497E-9
