2.3583338E-5
8.0457785E-6
2.1126236E-7
0
0
6.037866E-5
6.5616755E-6
1.891707E-5
1.9718709E-7
1.3779325E-5
2.2889422E-5
2.2921357E-7
3.0775607E-4
2.2096188E-7
2.889071E-7
9.485956E-7
1.5431425E-6
2.254708E-5
1.032378E-6
2.7224976E-6
2.2316335E-5
7.085953E-5
5.4921144E-5
0
0
5.722998E-4
3.1399777E-5
0.0032098084
8.367568E-6
5.4149046E-7
2.1046257E-4
3.349649E-5
1.9365748E-4
1.867846E-4
6.116341E-6
5.9345143E-7
4.003694E-5
1.1012097E-5
1.1292773E-6
1.9986715E-6
2.9801963E-6
8.401121E-8
4.3369135E-7
0
0
5.58545E-10
2.0777932E-5
7.844617E-6
3.2492471E-6
2.2938868E-5
5.7373677E-6
3.4041E-6
8.702822E-8
3.5008485E-5
4.0782843E-6
1.879773E-6
1.1475034E-7
7.4790046E-6
2.920744E-7
2.8454303E-7
1.2181938E-8
9.20665E-9
2.1974042E-6
