4.221613E-9
2.0317758E-8
7.092842E-10
0
0
4.5054653E-9
4.87969E-10
1.079576E-8
1.6918979E-10
1.1921377E-9
1.1626985E-7
6.2522815E-10
4.1299706E-9
1.6918979E-10
3.7392123E-10
1.1403584E-8
3.6703252E-9
6.536604E-8
1.1099051E-8
1.7603585E-7
2.111817E-6
4.195925E-7
6.355976E-8
0
0
2.3594303E-6
1.2368066E-8
1.3058843E-6
9.317631E-8
1.2031411E-7
3.8877047E-7
2.8683368E-7
5.7336038E-8
6.339522E-8
1.5104132E-6
7.5057494E-7
1.3380128E-7
1.8136028E-6
1.6781944E-7
8.695664E-7
2.1685873E-6
7.127876E-9
2.9061985E-7
0
0
1.744275E-8
1.2627755E-6
1.4996807E-6
1.6066937E-6
3.0589078E-8
1.8723954E-6
4.098169E-8
4.437802E-9
2.0932025E-7
3.7556097E-7
1.0018946E-6
1.2188451E-9
6.8905575E-7
1.6819298E-6
3.4875602E-9
1.6918979E-10
1.6918979E-10
1.3957693E-7
