6.7759096E-8
1.7604334E-8
1.569834E-9
3.2217248E-8
1.310194E-8
6.589941E-7
3.8970102E-10
2.026094E-5
2.5112218E-10
4.879221E-7
3.371827E-10
6.1751202E-6
1.6918979E-10
2.9066355E-10
2.3812975E-8
1.6918979E-10
1.1240008E-8
3.3372422E-7
1.802159E-5
8.396698E-7
5.3131444E-8
4.186037E-6
8.556734E-8
7.634985E-7
7.534086E-8
2.670205E-7
4.9073154E-9
9.928608E-8
8.2591276E-7
2.0659E-7
4.457324E-7
1.467888E-6
4.6134433E-6
8.025515E-7
5.168328E-7
3.244768E-7
3.7065388E-7
1.408541E-5
1.2824023E-7
1.0616301E-6
1.9112831E-7
2.0828826E-7
1.4903894E-7
5.882985E-6
2.441953E-8
2.5198245E-8
1.6217401E-9
5.135025E-7
1.4188852E-4
3.941671E-7
4.277982E-8
1.7106181E-6
6.760186E-7
3.9948605E-7
9.555948E-7
