8.251253E-8
7.351341E-8
1.3555696E-7
4.107662E-5
5.921125E-8
2.0227509E-8
2.6093613E-7
7.1033367E-7
3.9722426E-8
6.656129E-5
0
0
8.040187E-9
8.049302E-9
1.9822346E-9
1.8019057E-7
5.990336E-9
1.4929083E-6
3.12779E-8
0.0021105246
0.8958587
0.8801216
0.73196477
6.5906454E-9
4.222631E-10
4.678205E-10
1.4326697E-7
1.6709991E-9
6.933051E-9
2.0562423E-9
0
0
1.7085641E-9
2.0776104E-5
1.6918979E-10
1.0230265E-8
8.8016594E-10
2.0420372E-9
2.980492E-8
4.7278263E-8
6.45935E-8
1.2384791E-9
1.6102879E-9
2.0366363E-10
3.593713E-9
6.5797806E-10
1.0681133E-8
1.6918979E-10
2.3490987E-10
1.6918979E-10
0
0
1.6918979E-10
6.8487277E-10
1.6918979E-10
6.645831E-9
4.943656E-10
6.6865946E-10
7.8858375E-10
7.2943274E-10
6.9818257E-10
9.047104E-10
4.6856083E-9
4.770261E-10
2.6022495E-10
4.6186743E-9
1.0338056E-8
7.285005E-10
1.6918979E-10
1.6918979E-10
