9.980909E-7
6.140507E-8
2.4655478E-6
5.7465422E-6
5.3134105E-8
2.251262E-6
1.6886239E-5
8.8253955E-8
9.1124684E-7
3.2222182E-5
2.0632774E-6
3.1830496E-6
1.7087938E-5
5.363177E-8
1.519448E-6
1.545899E-7
2.8457887E-5
1.0416984E-5
3.4562395E-6
5.3766507E-6
0.818651
0.9998152
0.8268523
0.0150935035
6.5852385E-7
3.8424005E-7
5.97261E-8
7.4548257E-7
9.838796E-9
1.1518019E-8
1.818393E-5
3.489325E-6
4.273772E-6
1.6541272E-6
1.121247E-5
5.033554E-7
4.3434568E-8
1.02419495E-8
8.029063E-7
1.2179479E-6
1.1444215E-7
4.957475E-9
8.795875E-7
2.3045834E-7
3.0699944E-8
7.859132E-8
3.4836535E-7
4.350737E-6
3.2354052E-7
6.222314E-9
2.1187203E-9
2.462048E-8
2.0446404E-7
1.0730339E-8
1.4649448E-6
1.12206E-6
1.5099712E-8
2.8910264E-7
6.672191E-7
1.0603087E-7
6.791174E-8
1.3390137E-8
1.061339E-7
1.3653441E-6
9.229319E-6
4.335416E-9
2.6196042E-6
7.1116943E-7
2.5579297E-8
1.0979649E-8
