8.949628E-9
6.552605E-6
3.9005897E-7
1.509756E-4
1.03073265E-8
2.4514206E-8
1.9727528E-5
5.4420138E-8
8.181648E-8
6.7051456E-6
2.2401124E-5
2.7258575E-5
6.890932E-7
6.0215604E-7
1.7327716E-6
9.857758E-7
0.0010440014
2.9767325E-6
6.18124E-6
4.3959582E-7
0.99934226
0.99998164
0.97264725
0.98206055
2.0210878E-8
3.9940892E-7
4.899833E-8
2.991179E-8
1.4856053E-6
4.1505775E-8
1.9038312E-6
1.7521708E-7
4.8101697E-6
1.0664292E-4
2.736057E-6
7.1493932E-6
1.6941743E-7
3.98465E-7
2.4879396E-6
7.0079723E-6
1.0588137E-6
6.6273216E-8
2.291483E-6
1.4262733E-7
1.16654036E-7
2.6826484E-7
7.3589996E-7
6.581886E-7
3.3598565E-7
9.335509E-8
3.3341623E-9
8.2219594E-7
4.0069423E-7
1.4266365E-7
3.3758863E-6
5.7252277E-7
4.2435758E-7
7.52141E-7
1.5659523E-8
5.1581503E-7
3.0124698E-7
4.7465363E-8
1.4891607E-6
5.940414E-6
3.0726417E-6
1.8443149E-7
4.4885244E-5
1.8108911E-6
1.8189304E-8
