1.7182005E-7
1.3995109E-6
2.8769564E-6
5.701721E-7
1.884179E-8
2.1250233E-7
7.4040954E-6
1.2123756E-7
2.6964298E-7
3.2664568E-5
6.343431E-7
1.4609396E-5
6.4965675E-6
1.4151483E-7
1.33094E-7
3.445483E-6
7.3065803E-6
2.9553566E-6
4.6695413E-6
7.1684633E-7
0.8344283
0.9995105
0.8994824
0.603829
9.230585E-9
4.837514E-8
6.534565E-8
1.0500186E-6
4.54101E-8
1.6360035E-8
1.1678504E-6
8.233685E-8
3.9319283E-7
1.1197927E-6
1.8859352E-7
3.476983E-6
2.6795186E-7
4.8801E-8
5.8735115E-8
8.262994E-6
1.0805168E-6
1.7949107E-7
1.9235083E-6
7.258088E-9
5.4240604E-7
1.3231416E-7
5.2035585E-7
3.5965851E-7
1.5214721E-7
2.4076378E-8
1.5601211E-8
5.14105E-9
1.0343336E-6
8.578342E-8
1.707761E-8
6.5328453E-7
2.1958991E-7
6.8981887E-9
7.6056074E-7
8.73326E-9
1.5506609E-7
1.4113995E-8
2.8465818E-8
5.8629735E-6
1.3664139E-7
9.769079E-9
6.810641E-8
5.254859E-7
5.3204534E-8
