1.7514935E-8
6.1233396E-7
2.8001843E-8
1.9893881E-4
2.7503535E-8
4.1888543E-7
6.386152E-8
1.7375788E-7
1.4120721E-8
6.037185E-6
3.3448428E-6
1.1023084E-6
1.3479151E-6
3.0682936E-9
1.5057132E-8
8.168289E-9
6.5831756E-7
3.9214075E-7
1.3346989E-6
2.2898016E-8
0.98680156
0.9991478
0.518215
0.487899
3.632321E-9
1.519724E-6
8.8414226E-10
7.1594735E-9
1.6781041E-9
2.0169258E-8
1.682381E-8
3.462686E-8
3.552162E-8
9.686033E-7
4.4348917E-7
2.684882E-8
3.3194122E-10
2.2054296E-9
7.1644656E-8
6.5913457E-7
1.4767708E-7
3.2632923E-9
5.7317095E-8
1.7450512E-8
5.951626E-9
2.1153029E-7
6.47803E-9
1.8294396E-7
5.377153E-10
9.20155E-10
3.5459475E-8
3.5813705E-9
1.2321075E-8
4.8120095E-9
1.9500426E-9
5.4161853E-10
6.840379E-9
4.241243E-9
2.1275997E-7
8.96223E-10
4.8120987E-9
3.0692798E-10
1.4886374E-8
1.3539204E-7
8.2735916E-8
2.7430909E-9
5.0658724E-7
5.5550718E-8
5.127565E-9
