2.9852254E-10
3.6195077E-10
1.6918979E-10
0
0
5.1989677E-8
1.6918979E-10
1.6918979E-10
1.6918979E-10
2.7372882E-10
2.2009732E-9
1.6918979E-10
1.5243952E-8
1.6918979E-10
2.1787432E-10
1.6918979E-10
5.534716E-9
7.3088597E-9
1.6918979E-10
4.4049697E-9
2.9307027E-6
2.9630836E-8
1.6918979E-10
0
0
1.826904E-9
1.6918979E-10
1.0659219E-7
2.2523665E-8
7.067895E-10
1.4914894E-8
9.293143E-10
2.6815053E-10
3.8792432E-8
1.0674519E-8
5.436749E-10
8.075389E-9
4.5945225E-9
1.8275713E-8
1.3999345E-7
4.31327E-9
9.415851E-10
2.2494179E-10
0
0
1.6918979E-10
8.646113E-8
2.613678E-9
5.3758256E-9
7.278043E-8
4.8729265E-9
2.4811262E-8
1.6918979E-10
4.5454943E-8
9.173459E-8
5.8804893E-8
6.0638505E-10
3.84969E-8
1.297785E-9
1.6918979E-10
3.3627632E-9
3.8470382E-10
1.4352039E-6
