2.5314897E-9
2.7201768E-9
3.8105105E-7
1.6918979E-10
1.6918979E-10
4.9223683E-5
3.7171242E-9
2.8493929E-8
2.6101757E-10
2.786535E-7
5.662043E-10
3.8809675E-9
6.184139E-9
2.1333642E-9
4.8507194E-9
1.6918979E-10
9.102567E-7
1.5252996E-6
3.402263E-8
6.232847E-8
3.3957588E-6
1.8698541E-8
1.7594457E-9
1.3570398E-8
1.2512138E-8
6.6346723E-7
1.4049017E-7
1.228857E-7
1.5086663E-6
2.8607337E-6
7.587512E-9
2.3734142E-8
3.8917054E-7
2.5280428E-7
6.201594E-8
1.1198088E-8
1.0901058E-7
5.5992388E-8
2.6070138E-8
6.65831E-6
1.3294101E-5
6.9261317E-9
1.5767095E-9
1.2697284E-7
