5.8953505E-5
1.820991E-6
1.842936E-6
0
0
1.11898604E-4
2.4367955E-6
1.5426061E-6
8.34133E-8
2.0629556E-4
2.5127307E-4
4.7388568E-7
0.0010773147
8.258785E-7
3.492775E-7
2.1550053E-7
1.328739E-5
2.763254E-5
7.909557E-7
1.3381123E-7
4.2591462E-5
6.0070128E-5
6.1351966E-5
0
0
9.2437305E-4
1.3569788E-5
8.7332353E-4
1.0814981E-5
6.1122864E-7
3.2685892E-4
7.885317E-6
4.028644E-5
9.1080926E-4
3.5608577E-5
6.316203E-7
3.0667776E-5
6.551739E-5
1.1026182E-5
7.4609347E-6
8.124285E-6
3.1990888E-7
1.1071954E-7
0
0
1.7836301E-8
5.9871736E-6
1.5819102E-6
4.1737853E-6
9.662849E-6
9.435651E-7
1.979856E-6
2.5943208E-7
9.369803E-6
1.1868258E-6
3.2231237E-6
4.0709006E-7
2.940702E-6
1.2497628E-6
2.3394637E-7
1.0996122E-8
2.8488985E-9
4.7222233E-7
