4.1421717E-6
4.7904845E-9
0.38091365
1.9523377E-5
0.27345493
1.1996893E-6
2.0634115E-4
4.686509E-8
0.06134166
2.686142E-8
0.9924697
5.1155812E-8
0.22736679
0.012733164
0.9126518
0.9415571
5.9440695E-6
6.469981E-4
3.002987E-7
1.4231233E-5
1.0522942E-4
4.4496362E-10
9.5201045E-7
3.6808148E-9
1.2943728E-7
1.0569417E-8
9.69001E-7
4.575501E-6
5.1843303E-6
4.7116866E-4
4.123879E-6
4.123439E-5
7.136899E-8
1.5281568E-5
1.5298966E-7
2.9436649E-6
1.9222457E-6
4.1618234E-5
2.0859681E-5
8.4407184E-5
5.655798E-6
4.0886353E-6
5.207685E-6
1.2985299E-6
5.3705936E-8
5.448648E-9
5.2426854E-9
2.0449038E-6
2.814845E-5
9.866678E-8
5.9294925E-5
8.240254E-6
4.650842E-6
2.5863642E-6
4.3804965E-5
