1.2744432E-5
1.0720785E-7
0.5694242
2.0318017E-4
0.68596524
5.669862E-5
0.48866773
9.6524926E-4
0.9359058
4.2848114E-7
0.98774415
0.001251542
0.91172296
0.11914379
0.94654167
0.981202
0.05936456
0.0034037663
3.9975703E-7
0.019015921
0.00638122
1.6310825E-5
6.603757E-8
1.3375419E-5
5.1242478E-5
9.867806E-6
1.131559E-6
7.178201E-7
4.7648387E-5
6.3503474E-5
1.5137983E-4
7.973309E-6
4.270417E-6
9.129217E-6
2.9123642E-6
1.0176449E-5
6.6016282E-6
6.152694E-5
2.7407777E-5
7.87548E-5
7.87548E-5
7.87548E-5
7.87548E-5
7.87548E-5
3.7178545E-8
4.4743427E-7
5.937413E-10
1.426923E-5
3.7613125E-5
1.0330235E-6
4.531302E-5
1.2348653E-5
8.568251E-6
1.5609217E-5
7.072487E-6
