5.681032E-6
7.550917E-8
0.04857345
8.27213E-6
0.07729044
4.4026956E-6
0.0048297136
2.3305329E-4
0.22666821
2.7182292E-8
0.12435087
7.795353E-4
0.9508859
0.0175367
0.99497604
0.93909216
2.1630733E-5
0.0011792181
1.965062E-7
8.424851E-5
0.002492501
6.505214E-8
2.3840964E-7
3.0106683E-8
2.760074E-5
2.595624E-7
2.3642487E-7
1.4077332E-6
1.362116E-5
7.87548E-5
7.0675665E-6
6.4022574E-6
9.435664E-9
1.2266046E-6
9.3621225E-8
7.735069E-6
1.1337062E-5
0.0010308834
7.2007433E-6
2.2546466E-5
3.992673E-5
4.2637084E-6
1.0311829E-7
8.854288E-7
3.443191E-7
6.3023378E-9
1.0515984E-8
