4.5479986E-8
5.6906396E-7
0.3315029
8.05767E-6
0.0105436845
3.621185E-6
5.307252E-4
2.8239314E-5
0.027542021
2.5389074E-8
0.5825164
1.625846E-4
0.93512964
0.27559626
0.09187634
0.09715799
0.0064567276
1.6671056E-5
3.5940806E-7
1.8460507E-4
4.071352E-5
7.6486066E-7
2.5113508E-7
6.531301E-6
4.506915E-5
4.3270456E-6
6.20123E-7
1.1128754E-5
1.0920469E-5
9.304315E-6
1.5739139E-5
5.9616747E-7
1.8242423E-6
3.8268877E-7
3.3864303E-6
4.4773265E-7
1.1913562E-5
3.7608363E-5
5.916753E-6
3.24851E-5
1.1337696E-7
5.088475E-7
7.318768E-9
5.5551277E-7
4.7511675E-9
1.6918979E-10
1.6918979E-10
1.7391263E-6
8.548462E-7
9.215321E-7
7.2480464E-7
5.966734E-7
1.582116E-6
1.5639937E-4
1.2998346E-6
