9.377319E-7
3.153592E-8
0.052510217
4.497274E-6
0.7383607
4.2772976E-5
1.0708428E-5
3.5854796E-6
0.02628221
1.8594945E-7
0.933486
6.30513E-10
0.9228613
1.9842703E-4
0.64039934
0.54951584
3.624422E-5
8.809881E-5
5.815398E-7
4.1164015E-4
0.047152642
1.2125115E-9
1.549491E-6
5.9794914E-8
2.6639354E-6
1.0404016E-8
7.7260563E-7
1.3681966E-6
1.5577149E-4
4.701249E-4
6.6852794E-5
6.2823115E-6
1.9555428E-9
6.1992873E-6
2.8616107E-8
2.9489303E-5
2.303986E-5
9.24544E-6
6.705265E-6
7.9108635E-5
3.59589E-5
3.422428E-8
3.7929553E-7
4.423215E-7
