1.6303735E-5
1.4805921E-5
4.9886796E-7
0
0
1.6298243E-5
6.3277284E-6
2.8737697E-5
4.421007E-7
2.0155856E-6
1.9372079E-5
1.0946479E-6
1.3982623E-5
2.3185875E-7
1.5033859E-6
1.1156004E-6
1.5340977E-7
3.7585335E-6
1.553215E-5
1.275344E-5
3.1160504E-5
2.1000744E-5
1.3633685E-5
0
0
1.2782059E-4
3.0510317E-5
4.956827E-6
2.4721674E-5
1.2338728E-6
2.4018114E-5
4.726362E-6
8.211127E-5
1.1330252E-5
1.694092E-5
3.220704E-6
1.951909E-5
2.3813125E-5
4.2657677E-5
1.513672E-7
3.9495415E-5
3.856768E-7
4.857682E-6
0
0
9.094362E-10
2.3432736E-5
1.8398561E-5
6.7324414E-5
8.088904E-5
3.6262081E-6
1.06611E-5
1.635873E-7
4.242446E-5
5.128456E-6
1.1077468E-5
1.7287698E-7
5.3949257E-6
2.7150224E-6
1.1170057E-6
6.0441425E-9
2.6604475E-8
3.4247787E-8
