1.678329E-5
3.603636E-6
2.0476466E-5
3.952678E-5
2.1165773E-5
4.6405487E-5
4.6084765E-6
4.7068002E-5
6.617809E-7
1.4920969E-5
2.8030998E-5
7.726485E-4
1.3802176E-6
1.5641996E-5
3.9639035E-5
5.939712E-7
7.714397E-5
2.695034E-5
6.1495384E-6
1.3339067E-5
5.3842014E-6
1.9937732E-4
7.618588E-6
1.6757582E-4
3.6901445E-5
2.4574892E-5
3.8491842E-5
2.9742665E-5
1.9765901E-4
4.697177E-6
8.596148E-5
9.1326065E-6
1.2568136E-4
7.909704E-5
1.066057E-4
8.702955E-6
1.337783E-5
1.9054355E-4
5.4631004E-5
9.601608E-5
9.601608E-5
9.601608E-5
9.601608E-5
9.601608E-5
1.320046E-5
1.8344875E-6
4.3996042E-9
7.997103E-5
1.0932451E-4
9.391895E-5
3.1945037E-6
6.45418E-6
1.1138987E-5
2.6753216E-5
1.8862715E-5
