1.1708062E-6
1.0568389E-6
1.3481138E-6
4.919036E-6
3.504752E-7
1.59648E-6
7.7985106E-8
7.717584E-6
2.992275E-7
1.0816556E-4
1.4393015E-6
6.5153813E-6
4.64635E-8
7.109446E-7
4.053067E-8
1.9656468E-7
5.749755E-5
2.7733977E-5
1.2695206E-6
3.2407338E-6
7.424101E-7
1.6220187E-5
1.1181792E-6
5.543013E-5
2.5107104E-6
4.2216948E-4
4.7936384E-4
2.8947992E-5
1.2333719E-5
6.474447E-7
1.4453634E-6
2.2424072E-6
5.4756774E-6
4.4464696E-6
1.6419577E-5
2.7094484E-7
3.6157396E-6
7.572442E-7
7.276041E-6
1.8237097E-5
3.3302223E-7
7.781626E-6
4.643679E-8
1.3947941E-6
5.7171576E-7
1.2799068E-9
4.2038007E-8
2.695125E-6
1.0687124E-6
4.7744175E-5
2.0044495E-6
4.1032143E-7
1.134173E-6
4.2079632E-6
4.287354E-6
