6.835108E-5
5.5409044E-5
4.4144577E-5
3.981241E-5
1.3819166E-6
3.708361E-5
5.3491863E-6
1.975745E-5
2.0016585E-6
2.034259E-5
6.559062E-6
4.6385144E-4
1.2446941E-5
8.5599764E-5
2.0767264E-5
2.7265458E-5
5.585683E-5
9.5869655E-5
6.919111E-5
1.7926407E-4
3.9678176E-5
3.7228342E-4
1.4760486E-5
0.0011829122
2.1553723E-4
0.0016001615
1.7967915E-4
2.208487E-4
1.9871293E-5
3.533799E-5
1.16408366E-4
1.8334822E-4
4.0304294E-4
3.4747488E-4
1.0269107E-4
1.1998713E-6
6.4555396E-5
1.0076633E-4
1.264802E-5
1.0948295E-4
2.4490615E-5
3.701405E-5
3.408946E-5
4.2692627E-6
3.9945153E-5
1.9997036E-7
7.945097E-7
