4.0220334E-6
5.155532E-6
6.3867543E-7
2.0846026E-6
4.6893393E-7
1.0413996E-5
2.9263313E-7
2.4338971E-5
9.708325E-7
8.88079E-6
2.32091E-6
5.6813213E-5
1.1124864E-6
6.3937136E-6
3.1635257E-6
2.0472924E-6
1.8510465E-5
3.7607438E-6
7.0171365E-7
1.5312136E-5
1.2683661E-6
3.4219196E-5
4.6704363E-6
1.5057685E-4
4.426931E-5
1.6341094E-4
1.5575202E-5
8.99927E-6
3.4525826E-6
2.2265783E-6
4.182966E-6
6.339159E-7
1.9655543E-5
1.1417281E-5
7.0230926E-5
2.6417064E-7
7.4240556E-6
4.551829E-6
9.573082E-6
7.502944E-6
1.1191094E-5
1.4621502E-5
6.8429074E-8
7.082297E-6
1.02663125E-5
7.038793E-8
1.0336163E-8
3.3553715E-6
8.467551E-7
1.713855E-5
1.4549224E-6
7.490754E-7
2.4225218E-7
7.1995437E-6
2.4243689E-6
