1.4357405E-5
1.988496E-6
3.5171393E-5
1.1330375E-4
3.5668883E-5
7.871611E-5
4.556957E-6
2.1050819E-6
1.3982062E-6
1.6495172E-4
1.682135E-5
2.5038602E-5
1.516605E-5
1.0748257E-4
1.0978984E-4
1.9857342E-5
4.4749493E-5
8.852942E-6
2.5966108E-5
2.85842E-5
8.576344E-5
4.2473816E-6
2.0398596E-5
1.45074555E-5
1.0420844E-5
3.6693148E-6
0.001390879
7.0055685E-4
5.621187E-5
4.542539E-5
1.0905502E-4
4.600338E-5
8.652525E-6
3.1156262E-4
7.804761E-5
9.304036E-6
3.0749416E-5
2.5220393E-4
1.2365465E-4
2.2119144E-5
2.9593966E-6
4.631033E-5
5.089341E-5
2.3818713E-5
2.4740884E-5
8.534264E-7
8.944781E-8
3.4660035E-5
1.2581697E-4
2.3951338E-6
1.8360728E-5
2.7904184E-6
1.0033881E-4
5.080577E-6
3.3069125E-5
