0.0011643772
2.3076164E-4
1.19155964E-4
2.7633115E-4
2.2461898E-5
2.4960208E-4
0.0014353875
0.0025749186
8.0698985E-5
7.962882E-5
8.312122E-6
0.018915273
3.1934975E-5
0.0038731026
1.11713176E-4
1.0178302E-4
0.04084008
9.774861E-4
2.868028E-4
4.096695E-4
3.0271194E-5
0.00692799
1.979933E-4
8.3260547E-4
9.037023E-4
0.005763212
0.06066421
0.010466295
0.015112479
8.4014446E-4
0.012582077
0.027217772
0.0410452
0.0030030296
0.0093827015
2.7404974E-5
0.0043664495
0.0163625
0.0010062115
1.7461446E-4
1.4344546E-4
0.0015082724
1.828976E-4
1.6927654E-4
