6.0720213E-5
6.9409194E-5
5.883531E-5
5.43317E-4
1.2301119E-6
4.0061026E-5
1.0623315E-4
4.56281E-4
7.428342E-6
1.0768608E-4
7.4054224E-5
0.022375548
8.466444E-5
2.1048108E-4
3.520959E-4
1.6664654E-4
6.711759E-5
8.054634E-4
2.6433201E-5
6.5634646E-5
6.24716E-5
0.0014222679
2.852189E-5
0.0026237983
0.004173008
0.0035517681
0.011536348
0.004947035
4.0403253E-4
1.902798E-4
4.2572332E-4
5.5392383E-4
6.8026205E-4
0.002845618
0.01972774
1.8413726E-5
2.5967017E-4
3.6878214E-4
2.1646381E-5
8.414553E-5
4.911372E-6
2.4627606E-4
2.8559656E-5
7.934231E-5
1.9531476E-4
1.6798708E-7
6.9969286E-7
8.854344E-5
1.5094299E-4
0.0013256153
3.735316E-5
5.5925746E-5
1.3340954E-4
2.3002614E-5
1.3801776E-4
