2.6343438E-5
4.2958013E-6
2.856979E-5
1.9877576E-5
1.9713803E-5
1.1533212E-5
1.4204022E-6
3.5398518E-6
4.685571E-7
4.2123047E-5
1.9124494E-5
8.149689E-4
6.3870465E-7
8.803551E-6
7.746407E-6
2.6532866E-6
1.0211965E-5
1.4212079E-5
1.8455478E-6
3.811142E-5
4.4742887E-6
1.1841411E-5
1.4082025E-5
4.9076145E-5
2.303696E-5
4.8058364E-6
2.8401664E-5
1.4483971E-5
3.084881E-5
9.601608E-5
1.2625143E-4
3.0359639E-5
7.342141E-6
1.5282312E-5
5.907348E-6
7.1670465E-6
4.723257E-5
1.0524018E-4
1.1921737E-5
2.8761262E-5
3.5833404E-5
3.0772437E-4
2.6545686E-5
1.4221952E-5
3.371548E-5
2.6503428E-6
2.4335043E-7
