9.1468195E-8
9.227959E-7
4.5787843E-8
1.5967472E-6
9.00262E-9
3.506249E-9
5.443026E-7
1.6069084E-8
2.7487218E-7
2.1086744E-6
0
0
1.2106698E-8
6.5965406E-9
1.624084E-7
2.7373463E-7
5.444994E-9
6.020596E-7
1.8551185E-7
0.0019454752
0.9765014
0.97505283
0.19584121
3.701402E-9
1.3660113E-7
4.802203E-9
2.0607936E-7
6.412076E-8
2.736618E-7
1.2483051E-8
0
0
5.9405875E-7
2.2419165E-6
1.8734318E-7
2.5634645E-6
1.8765593E-7
4.9273985E-9
1.2595758E-7
2.2770041E-6
7.055204E-8
3.170532E-8
1.0952322E-6
4.2228896E-7
2.6900727E-7
3.8419657E-8
2.0916035E-8
7.1166584E-9
1.684467E-7
4.1222423E-10
0
0
3.3183316E-9
2.6494285E-9
1.6918979E-10
5.7284552E-8
7.1634204E-8
3.810966E-9
2.0325133E-9
1.1017378E-8
2.8693949E-8
2.740669E-7
3.6306655E-8
5.8974557E-8
1.0209914E-8
7.9108924E-7
2.8308187E-7
3.2664915E-9
6.49694E-10
1.6918979E-10
