2.2211082E-9
5.983478E-8
5.3473347E-8
3.2206127E-9
6.864516E-8
6.4297176E-9
2.8376462E-7
8.4167226E-8
1.4161118E-8
2.1929043E-6
2.0896423E-6
2.7974057E-8
9.573365E-9
2.1865262E-8
3.276124E-8
2.016237E-7
2.3434793E-6
1.050665E-5
4.519753E-8
1.4141017E-4
0.6364547
0.18693498
0.0036702922
0.019240689
1.8672452E-8
1.738949E-7
9.800475E-9
1.8582838E-8
6.989399E-5
1.4214068E-8
4.0858E-8
1.9452903E-8
2.9026538E-8
8.0626805E-6
8.091559E-8
5.643804E-6
9.016011E-9
7.535893E-9
2.891125E-8
3.3568537E-7
2.193808E-7
3.0271178E-8
3.426685E-8
1.0129189E-8
1.03828036E-7
9.3734025E-9
2.4984358E-8
6.523747E-9
3.152799E-7
2.940054E-9
7.2878187E-10
1.5294452E-8
1.9611317E-9
3.8975833E-7
6.1700334E-10
8.267436E-9
5.802598E-9
4.9594068E-8
3.0084728E-8
1.6112633E-8
1.1075217E-7
1.3033462E-6
2.0178321E-8
1.7312539E-8
8.438722E-9
1.4877127E-9
1.4630941E-8
1.2268415E-6
7.957474E-8
5.758905E-8
