4.3550685E-10
2.8864223E-8
2.0077121E-7
5.277115E-4
3.074776E-8
2.5110491E-10
8.6599744E-7
5.6332286E-9
6.3958217E-9
6.5188495E-9
2.2079782E-8
6.0778206E-8
3.541647E-9
3.9441936E-10
1.0122188E-9
4.959066E-8
8.6208075E-8
2.8352503E-9
2.554577E-7
1.0046257E-8
0.009028122
0.12998772
0.014456658
2.9010724E-4
3.4685858E-8
2.8021083E-7
4.957676E-7
7.9773855E-8
9.0092456E-8
1.8043923E-7
3.213536E-8
4.5828013E-8
6.0413186E-8
2.8138737E-7
6.09833E-7
1.4844093E-6
2.2292006E-8
4.7268593E-8
5.1697526E-9
5.147345E-6
3.4023512E-7
2.8401796E-8
6.072334E-9
1.4512963E-7
1.6111711E-8
3.1294735E-7
1.2540778E-7
1.3310133E-6
1.3679584E-8
5.6730562E-9
8.148958E-10
8.5040165E-7
3.882686E-7
4.252959E-7
2.0972811E-8
2.4470347E-7
3.0670255E-9
6.056808E-8
4.7538347E-7
2.5809129E-8
1.4876396E-7
1.1505596E-9
6.094595E-9
8.97702E-8
5.980113E-9
5.1471867E-9
8.067182E-7
2.5927108E-7
5.037112E-8
4.8919166E-9
