7.4089703E-9
7.8488614E-7
4.1793896E-6
3.886346E-4
1.2321468E-7
6.187097E-8
1.2929325E-8
1.2057325E-7
6.372408E-7
1.0385002E-7
1.1815507E-6
1.063943E-7
9.469835E-7
4.4237648E-8
2.7130903E-7
5.345996E-8
6.377807E-7
2.2176804E-8
1.5977434E-6
7.020501E-8
0.9736523
0.9913566
0.44246298
0.5048885
3.375368E-8
2.7837697E-7
6.513657E-9
1.10629294E-7
1.1943727E-8
2.986685E-8
2.2662451E-7
4.409055E-9
3.7471032E-8
6.036023E-7
2.8831622E-8
6.098531E-7
2.0352491E-8
1.035634E-7
3.2313945E-8
7.5267803E-7
3.345911E-9
4.1525198E-8
3.4906616E-8
8.423492E-8
5.5574088E-8
4.7591623E-8
4.314068E-8
4.7615593E-8
2.179615E-8
5.5965694E-9
4.538607E-8
5.4053597E-9
2.0032617E-8
1.02384824E-7
2.9945312E-8
1.0083605E-8
2.3605677E-8
3.293162E-7
1.5268749E-7
2.1371427E-9
7.6446696E-8
7.076616E-10
5.667154E-8
1.9506768E-8
4.582179E-7
6.651281E-9
1.445135E-7
2.2930895E-8
1.2263685E-7
