2.5729468E-8
3.861002E-7
1.4642953E-6
7.1494875E-4
2.486552E-6
1.9456632E-8
4.3763694E-7
6.290694E-8
7.180246E-8
1.5081891E-5
2.1048141E-5
8.4482535E-6
2.6648997E-6
8.190219E-8
1.4219341E-7
6.294889E-8
1.5077232E-5
2.6327077E-6
4.8753436E-6
2.1715552E-7
0.99862427
0.9989393
0.87978905
0.12455062
5.647981E-8
8.528857E-7
5.163606E-7
1.611403E-6
7.6590953E-7
1.9866988E-7
1.12203814E-7
5.6079603E-8
1.6373651E-6
1.12847265E-5
6.672096E-7
2.0800146E-5
8.5658954E-8
2.3483861E-7
4.2688126E-7
1.3447709E-5
3.100365E-6
7.4894575E-7
2.3823266E-6
2.2191821E-7
1.4834901E-6
6.513324E-7
2.8430657E-8
5.5024464E-7
1.3796886E-6
1.1314684E-8
2.533777E-8
1.0255864E-6
3.5643382E-7
1.1450383E-6
2.3118966E-8
5.646083E-7
1.2950684E-6
4.031366E-7
3.0958472E-7
1.0106394E-6
2.5153658E-6
5.5317656E-7
8.7549637E-7
3.9271104E-6
1.7748701E-7
2.955143E-7
9.550746E-6
2.3561486E-6
4.088793E-6
