4.4356018E-8
4.4046065E-8
9.17553E-7
0.0071944436
4.5684406E-8
3.02672E-7
8.946685E-7
7.2126326E-8
7.062495E-8
1.4806376E-7
2.6498196E-6
1.457614E-6
5.2411355E-8
1.1990839E-8
7.5161516E-8
1.8263378E-8
6.6486355E-6
1.5362383E-8
3.50171E-7
4.957109E-7
0.83258736
0.9870277
0.4588856
0.022636697
8.5215056E-8
2.8009302E-7
2.8534808E-7
1.5707288E-8
1.2704867E-9
1.1694449E-9
2.8745723E-7
8.713959E-8
2.5190937E-7
1.6227672E-7
5.567736E-6
5.8396648E-8
4.6862876E-8
8.722323E-9
4.284774E-8
1.0002324E-7
4.376638E-8
1.6790485E-8
5.6100305E-8
1.899157E-8
1.4553034E-6
3.9317403E-9
1.3043598E-7
2.8768966E-7
2.7987266E-8
4.725951E-9
1.9426595E-8
3.7018065E-8
1.1432069E-6
2.6911868E-9
1.9314602E-6
3.1414106E-6
7.8747746E-8
6.347626E-8
2.2184045E-7
4.394977E-8
6.7387805E-7
1.061902E-8
4.6277965E-8
1.14235895E-7
3.6823966E-8
2.0917202E-8
3.7384518E-7
6.7026673E-9
1.1302388E-6
7.628455E-9
