7.7388556E-8
9.930678E-7
1.4019545E-7
6.819834E-7
2.3988438E-8
5.990801E-8
2.5368823E-7
6.6068595E-10
4.9348145E-8
6.313763E-6
2.5471868E-6
1.620713E-5
5.4197635E-8
2.6797096E-8
1.9846388E-8
1.1037449E-5
7.446812E-6
5.78048E-7
1.4083073E-6
8.13649E-8
0.9282148
0.9914981
0.1692247
0.22171977
8.213991E-8
1.9245483E-7
4.4624983E-7
3.0810202E-7
9.44659E-9
1.4022574E-7
2.4866943E-6
1.5463236E-7
1.155586E-6
7.8620104E-8
6.8504046E-6
1.5888621E-5
7.064556E-8
2.7424417E-7
6.03377E-8
2.3782785E-7
1.4614463E-7
3.6227124E-8
2.1821116E-7
2.0401994E-7
5.187424E-6
2.3986928E-8
1.4032025E-7
8.3575355E-7
5.299944E-7
8.983285E-9
3.5789608E-7
1.9616704E-9
3.7703321E-6
2.56072E-7
1.5663915E-8
5.272147E-7
1.433075E-8
2.445747E-7
1.3778632E-7
7.549002E-9
6.55475E-8
3.4784922E-9
2.744938E-7
7.2119E-8
5.452089E-8
5.5108906E-8
2.793991E-7
3.2520728E-7
1.3228558E-7
