1.064182E-7
6.2301875E-9
0.21906279
0
0
4.247368E-4
4.1723593E-5
2.8314569E-6
0.92803496
0.024281034
1.28400625E-5
0.9874586
5.3330878E-6
0.9931632
4.0474686E-5
0.96064216
0.031206356
4.043025E-6
0.023568481
0.002204598
1.6127387E-5
2.244506E-6
1.7998621E-8
0
0
2.5515012E-6
3.7832368E-5
2.0811135E-6
1.2278813E-4
2.9315497E-6
3.5984228E-6
3.3095223E-6
7.866138E-7
1.7007702E-6
1.3282212E-6
1.1193603E-6
9.24339E-7
1.5348372E-4
8.1487915E-6
3.974806E-6
1.2933451E-5
4.3225748E-7
8.692727E-9
0
0
1.6918979E-10
4.1250355E-6
1.9763089E-5
2.1879628E-6
1.1478312E-6
1.3951884E-5
1.8884058E-6
6.5407537E-9
3.3996714E-6
4.4994554E-6
1.344996E-5
2.3396812E-7
7.0869515E-5
8.1986343E-7
1.5668365E-6
1.5410525E-7
4.550098E-9
4.6258274E-6
