5.9713482E-5
8.876227E-7
0.02427934
1.4910183E-4
0.9704542
2.943458E-5
0.3293365
2.4364226E-5
0.9883952
1.8601347E-4
0.9828974
4.4912988E-5
0.9986847
0.0452647
0.9972369
0.99489397
0.032615695
1.7719698E-4
1.1062582E-5
0.0038928722
9.2392263E-4
1.1900897E-5
1.073235E-6
4.8778944E-5
6.0328286E-5
4.6944897E-6
9.810072E-6
2.5988396E-4
7.7487195E-5
1.8100402E-5
2.2045801E-4
5.8455258E-5
8.963437E-6
9.2826923E-7
6.7629144E-6
1.02742615E-5
5.1243722E-5
0.0024051436
2.7669862E-6
1.2458831E-5
1.2458831E-5
1.2458831E-5
1.2458831E-5
1.2458831E-5
1.5526297E-7
9.406154E-8
1.16543944E-7
6.305659E-5
8.2694656E-5
3.543515E-6
9.9186254E-5
8.541384E-6
3.1586577E-8
3.3879577E-4
1.4304279E-5
