2.6203287E-7
1.9857072E-7
0.0010417377
6.852703E-6
0.0073990836
2.9580465E-6
6.2958265E-5
1.0606051E-5
0.008891801
7.3217547E-7
0.52018577
2.1426832E-4
0.6551651
0.08955465
0.3794207
0.6908697
4.9740047E-4
1.809265E-6
5.392117E-7
2.0033394E-5
3.678024E-5
5.204624E-6
1.9916408E-8
4.171465E-7
1.4468358E-5
2.4790686E-6
4.0020263E-6
3.0487972E-6
4.8408947E-6
2.9824465E-5
5.8999926E-6
4.5012903E-6
2.0143202E-6
5.925223E-6
1.7694829E-5
1.8674494E-6
2.8508492E-5
4.001667E-4
8.365505E-5
1.4697454E-6
5.2176836E-7
3.7034279E-6
5.9110963E-8
1.7153154E-4
8.373262E-8
1.6918979E-10
1.7593551E-9
8.7111147E-7
2.120502E-5
6.9408084E-6
8.6560857E-7
1.8372109E-6
9.1197717E-7
1.4616148E-5
2.4944027E-5
