7.728532E-6
1.5886295E-6
0.06803045
1.2224829E-6
0.3050932
1.9201852E-5
1.4373054E-5
0.0027735229
0.0102269165
6.085141E-6
0.93864506
5.426086E-8
0.7472938
0.22096553
0.20958045
0.9314464
3.200007E-4
6.591186E-5
3.485134E-7
1.15896655E-4
4.7607377E-6
7.170935E-7
7.777277E-8
1.4547185E-6
7.5501234E-6
1.3364604E-6
5.1730035E-6
3.653739E-4
7.098817E-5
9.796185E-5
4.6187346E-5
3.2863805E-5
6.652755E-6
3.9107463E-6
1.3962826E-4
7.97628E-6
6.3791103E-6
0.010414966
1.5213432E-4
1.3429475E-5
8.691455E-5
1.3621326E-5
3.989092E-6
3.3773306E-6
