2.8218356E-5
1.520878E-7
0.5766068
1.865099E-4
0.9328895
3.682819E-6
9.3394873E-4
3.01621E-4
0.4165993
1.5976451E-6
0.9975442
2.9464847E-5
0.96150583
9.018099E-5
0.0071340064
0.99361926
0.007408272
8.303947E-5
1.8559923E-6
1.6493248E-5
3.311187E-4
6.611867E-7
9.298614E-7
2.8862146E-6
3.240947E-5
3.7789391E-6
1.2677718E-5
4.511753E-5
5.5735716E-5
9.4672236E-5
1.8310857E-4
6.809818E-5
1.7217393E-5
2.6979062E-6
2.5405196E-4
1.6558222E-5
2.1821119E-5
0.0011737993
2.9170437E-4
9.527724E-5
2.6790594E-5
2.4120338E-5
1.128128E-5
8.1555145E-6
9.1705515E-6
7.30603E-8
1.8514964E-8
2.5773338E-6
1.0888271E-4
2.6244572E-5
1.0488112E-5
1.0497872E-6
1.9395757E-6
2.5232691E-6
3.2805234E-5
