2.6964453E-5
1.0580874E-7
0.6704838
2.4150251E-4
0.9889212
1.3326318E-4
0.008091162
2.2526014E-4
0.6371829
1.8995994E-5
0.990585
0.0012209325
0.3544564
0.009323008
0.7980414
0.96554625
0.007984902
0.0041571776
3.491462E-6
4.272977E-4
3.966026E-4
3.0537688E-6
1.8592678E-8
5.167279E-6
7.278634E-5
4.2549163E-6
5.4408383E-7
3.8687584E-5
1.0567818E-5
1.2458831E-5
4.7421243E-4
2.3980574E-5
9.495933E-6
8.772576E-6
4.4253853E-4
4.484414E-5
1.4116666E-5
0.0011929245
0.0036032426
7.6278848E-6
9.8764795E-5
4.0081002E-5
1.1207475E-5
4.178236E-6
7.2144786E-7
4.432906E-8
3.440852E-7
