2.9725522E-10
1.6918979E-10
1.6918979E-10
2.0030801E-9
8.012317E-10
7.8075113E-10
4.1393491E-10
4.4080312E-10
1.6918979E-10
5.5017586E-9
1.6918979E-10
3.7558223E-9
1.6918979E-10
1.6918979E-10
1.6918979E-10
1.7229986E-9
1.7294395E-8
8.0978895E-9
1.4960616E-6
1.6918979E-10
2.641508E-9
3.5334742E-9
1.8920009E-8
4.1155353E-8
1.232463E-9
2.6703496E-8
1.6918979E-10
6.921262E-8
2.6668413E-8
8.589795E-9
1.1748715E-8
6.1303225E-9
3.9241957E-8
1.6918979E-10
7.789198E-9
1.3365213E-9
3.269836E-8
2.2035733E-8
3.7523225E-8
1.07191596E-7
1.07191596E-7
1.07191596E-7
1.07191596E-7
1.07191596E-7
1.1757102E-5
9.673063E-6
5.7676502E-6
1.3556854E-8
6.165689E-7
1.05065565E-8
4.8846747E-8
5.199265E-7
1.998901E-9
4.043209E-9
1.6063085E-8
