3.3379992E-9
4.8523063E-10
1.6918979E-10
7.5102113E-10
1.6918979E-10
1.6918979E-10
8.397797E-10
2.1530366E-10
1.6918979E-10
7.6762944E-7
1.6918979E-10
1.5229652E-8
2.4681034E-7
1.6918979E-10
2.159401E-9
1.6918979E-10
1.8376846E-9
4.676711E-8
1.0243372E-6
1.0053489E-8
1.6918979E-10
5.8798473E-9
1.3463893E-8
2.3594131E-8
1.5455682E-9
1.5781387E-8
2.9281506E-9
1.3553403E-8
9.62921E-7
1.07191596E-7
2.9552467E-9
3.2850622E-9
8.5207175E-10
2.5037668E-8
1.215508E-8
3.4237566E-10
5.388267E-9
2.0695128E-9
6.6409083E-9
9.559875E-8
8.20968E-6
4.3618793E-9
1.2408116E-8
4.4856992E-7
1.2965216E-6
1.9329679E-4
1.02656595E-5
