1.6918979E-10
1.1269691E-9
1.6918979E-10
7.6823525E-10
2.7323303E-8
7.974096E-9
1.6918979E-10
8.879427E-9
1.6918979E-10
2.836773E-8
1.6918979E-10
1.0430148E-9
1.6918979E-10
1.6918979E-10
1.8292889E-9
1.6918979E-10
3.702516E-8
1.6918979E-10
3.7664862E-9
1.6918979E-10
2.3557865E-9
1.2819671E-8
5.9647087E-9
3.078517E-8
1.0232709E-8
8.384689E-10
1.0693001E-7
5.355041E-9
1.2479159E-8
1.6918979E-10
1.6918979E-10
7.891168E-9
1.1168039E-9
5.4575175E-9
1.0896174E-8
2.537852E-10
4.194478E-8
3.7871374E-8
6.287003E-9
1.5902939E-9
5.2465117E-9
5.597931E-9
3.3809266E-10
1.0266021E-8
4.951446E-7
4.2578267E-6
1.5003278E-7
5.175021E-9
1.21162795E-8
1.5991803E-8
1.6918979E-10
3.0776746E-9
2.1498328E-10
2.47246E-8
3.4974093E-8
