7.6061966E-8
1.8231011E-8
1.7263622E-8
6.532422E-9
7.232601E-9
3.1502854E-9
2.3419844E-8
2.148395E-9
8.829836E-9
8.7438394E-8
1.6918979E-10
1.7879508E-10
8.493786E-10
6.9759254E-10
2.1672067E-8
2.9521352E-10
6.6932584E-9
3.2824378E-8
1.9090407E-9
1.219051E-9
5.752513E-9
2.2669522E-10
4.068106E-7
1.4048992E-8
7.8578544E-10
5.2882376E-10
6.9456646E-10
8.037327E-8
1.4379157E-7
2.8693703E-8
3.134993E-8
6.8364954E-9
1.2254812E-7
5.051867E-9
2.484299E-10
4.209901E-9
4.0300854E-8
8.5488716E-10
1.4792836E-9
2.0725246E-7
2.6576931E-6
9.7236175E-8
6.297384E-8
3.7206803E-7
