3.0344216E-9
3.786469E-9
4.879313E-10
4.277725E-8
3.0184377E-9
2.1864363E-10
5.5695986E-9
8.303007E-8
4.5058368E-10
3.208257E-9
1.6918979E-10
1.203424E-9
1.8808057E-10
1.9378919E-10
2.6431156E-8
4.5841803E-10
9.182344E-9
2.860398E-9
1.9087214E-9
2.9988271E-7
2.8828653E-8
2.8940284E-9
7.865937E-8
2.1465315E-8
4.6774336E-8
1.6918979E-10
8.135179E-10
2.3514635E-9
6.832255E-7
1.5168297E-8
1.4525736E-7
1.850049E-10
1.0973337E-8
8.4290095E-9
1.9574926E-10
2.8785095E-8
7.1831124E-8
1.4396543E-8
7.807437E-9
3.4988602E-8
9.2622415E-8
1.9393083E-8
3.3915867E-8
8.902958E-7
2.8408508E-7
1.1135054E-6
2.7467095E-7
4.5237183E-8
2.3336943E-6
4.6241766E-8
5.4173817E-9
1.9245613E-8
1.5035264E-8
1.3704792E-8
5.884369E-7
