4.9956115E-9
5.3163047E-9
7.755017E-10
0
0
4.657512E-10
2.5790294E-9
8.131917E-8
1.6918979E-10
6.3668626E-10
4.6677886E-7
1.6918979E-10
9.844554E-9
1.6918979E-10
3.0513223E-10
1.2753815E-9
2.3088118E-9
2.770402E-7
3.0907753E-8
5.764444E-7
1.15875665E-7
9.40642E-7
1.3313901E-9
0
0
1.6767049E-6
3.084649E-8
5.5166487E-7
1.9413788E-8
2.9150831E-8
4.3181907E-9
3.855637E-6
2.785662E-7
9.744495E-10
1.3572742E-6
4.4617195E-7
2.0893074E-7
2.8712416E-6
4.2117045E-7
2.0741198E-5
2.1461883E-6
9.696777E-9
2.2487517E-7
0
0
1.6918979E-10
8.5676604E-8
1.2711696E-7
1.9418214E-6
3.725606E-8
1.0865981E-7
2.4280416E-7
6.5012853E-9
3.3673814E-8
1.1558793E-7
6.962791E-7
1.7902636E-8
9.942931E-7
4.8139395E-7
5.08399E-9
1.6918979E-10
1.6918979E-10
5.4319677E-10
