9.084433E-9
1.1433214E-8
1.3989823E-9
5.1583835E-9
3.073322E-10
7.678265E-10
8.1121465E-10
5.4931397E-9
7.546742E-10
5.375318E-9
1.3880873E-7
1.1542323E-5
1.6918979E-10
1.6918979E-10
5.9812993E-10
1.17289165E-8
3.548967E-8
2.4940908E-7
3.5116173E-7
9.175699E-9
1.7171866E-9
6.863279E-8
3.4503792E-8
1.2446804E-7
3.5802214E-10
3.704757E-8
1.7126368E-8
3.8518714E-8
4.387169E-8
4.0068905E-8
5.1469463E-8
6.0661114E-7
9.560422E-8
4.699228E-9
4.2561394E-9
7.853545E-7
6.231233E-8
2.7504288E-7
1.8845333E-6
4.1322646E-6
4.1322646E-6
4.1322646E-6
4.1322646E-6
4.1322646E-6
7.030641E-8
1.531282E-8
1.20123165E-8
3.9722147E-7
5.5487885E-6
9.8435294E-8
1.574702E-8
4.090842E-7
5.6044556E-8
2.8923743E-8
2.3856346E-6
