1.0586441E-6
5.5180926E-8
1.8227689E-9
2.279735E-8
2.003279E-8
1.8812038E-10
1.04741915E-7
3.0385743E-9
5.4537064E-10
1.13845836E-7
7.938952E-8
1.4679489E-6
1.6918979E-10
3.3824263E-10
8.5509266E-10
1.493391E-9
9.191254E-9
2.625934E-8
3.7168184E-6
1.1489676E-9
8.729055E-8
2.8087823E-7
8.4235126E-9
2.73221E-7
8.745962E-9
2.705138E-7
1.377071E-7
1.6922748E-8
7.772739E-8
9.848286E-9
7.057001E-8
5.6003362E-8
2.0790394E-7
2.2877586E-8
5.0049604E-9
3.6417244E-8
3.7602483E-8
7.8534676E-8
7.346049E-6
5.2344826E-6
5.2344826E-6
5.2344826E-6
5.2344826E-6
5.2344826E-6
1.48891E-8
6.589093E-8
1.6918979E-10
4.107172E-8
9.172447E-6
6.4909365E-8
1.1047253E-8
1.260314E-6
1.5280789E-7
6.561805E-7
9.678374E-7
