5.773588E-8
5.8055896E-8
1.7696941E-9
5.257784E-8
5.8854546E-8
9.2707914E-8
1.5655358E-8
3.5439047E-7
5.409952E-10
1.7505291E-8
1.6918979E-10
1.6025801E-6
1.6918979E-10
1.6571378E-9
3.4323513E-8
1.7742711E-10
2.690272E-8
5.52261E-7
6.5103595E-6
1.0957796E-7
1.8909592E-8
4.6305715E-7
1.4182383E-8
1.3804427E-6
3.6374817E-7
4.3679634E-7
4.4591985E-8
3.872657E-7
1.9200938E-6
4.388362E-7
2.0525238E-6
6.914067E-7
4.237162E-6
2.8208058E-7
4.1160538E-7
2.9384536E-8
1.4495149E-6
1.745444E-5
4.1555147E-8
8.1324043E-7
2.3678975E-7
1.1281896E-7
4.7426996E-9
3.2741114E-6
2.5724782E-9
1.6918979E-10
1.6390386E-9
7.882764E-7
1.3911338E-5
1.8324596E-7
1.2734001E-6
1.7960198E-5
2.446317E-7
4.7234866E-7
1.9038856E-6
