2.0147056E-8
3.3527674E-9
1.5513482E-8
8.0963485E-9
1.3335173E-9
3.8635044E-8
1.4271238E-8
1.0509763E-7
1.9393127E-9
1.5161614E-8
1.2868894E-8
5.249857E-10
1.6249029E-9
1.0533745E-9
2.7252687E-8
2.5145313E-8
1.8171049E-8
1.6094896E-8
3.487906E-8
4.503522E-7
3.74416E-9
4.1905396E-10
2.9799422E-8
1.6918979E-10
3.802716E-9
4.4858353E-10
8.353303E-9
3.2276368E-9
2.6248486E-8
1.1654345E-7
3.5132453E-7
3.2567073E-9
3.1549682E-8
9.2503505E-8
4.792716E-10
4.2684096E-7
3.8239758E-8
6.2740946E-7
5.9246243E-8
1.1952253E-6
2.4954677E-8
1.2909732E-6
4.697584E-8
1.6942471E-7
1.3921647E-9
2.7967362E-9
1.8684254E-9
6.8251336E-7
3.5961484E-6
7.4091715E-9
4.2316575E-8
6.178792E-8
6.399659E-7
1.340116E-7
3.5571616E-6
