1.1147869E-8
4.537222E-9
4.366909E-10
2.7509437E-8
6.010014E-10
1.1680259E-8
6.448241E-9
4.6255394E-8
2.1285405E-10
3.846167E-8
1.6832933E-8
2.300505E-8
2.6390452E-9
9.536142E-10
2.9589649E-9
7.875601E-10
1.4436647E-9
1.883285E-7
7.326823E-6
8.3687354E-8
5.7081415E-9
2.236593E-10
3.146064E-10
1.03961796E-7
7.456402E-9
1.5277533E-7
8.85416E-9
2.1680316E-8
2.2802606E-6
4.1322646E-6
1.5494768E-7
1.81742E-7
1.9188122E-9
1.7088485E-8
3.7293937E-10
6.4524144E-8
5.4190012E-9
7.886926E-7
3.0980001E-7
4.842949E-8
4.881329E-7
1.03904554E-7
8.963914E-9
1.054198E-6
1.9518101E-8
4.2916014E-8
2.7336094E-7
