3.5483484E-7
2.088249E-8
2.628227E-7
2.652938E-8
2.4345679E-9
7.0269415E-8
1.250414E-8
1.4766323E-9
1.41240335E-8
1.6805126E-7
9.9147556E-8
1.6918979E-10
1.963645E-8
2.1238091E-9
1.9020634E-8
1.1670673E-8
3.9175664E-8
6.6365016E-9
6.5236677E-6
3.8066144E-8
7.923417E-9
2.762942E-10
8.9628625E-9
4.1279153E-9
8.9068886E-10
1.7036259E-10
2.6802809E-8
1.8989783E-7
1.3032688E-7
2.385345E-7
5.1950273E-8
1.946407E-7
2.921441E-8
5.2945406E-8
2.573629E-10
1.3157221E-7
2.9422063E-7
4.8618297E-8
1.6926064E-8
4.715651E-6
6.9587185E-7
1.3656283E-7
2.4706998E-7
1.3207183E-6
