6.3630074E-7
1.06617914E-8
1.0104937E-7
2.9541096E-9
3.524075E-9
1.7852859E-9
1.2707696E-7
7.2623667E-9
4.948913E-10
4.006443E-8
2.5894123E-10
2.1781563E-8
1.6918979E-10
1.9390798E-9
2.5024551E-9
2.2541305E-10
7.3521687E-9
2.8576386E-8
6.639923E-7
5.567233E-9
6.005474E-8
2.4983347E-9
2.8671396E-10
9.317161E-9
1.4346933E-8
7.8729805E-9
3.9228247E-9
6.0793135E-9
2.9378427E-6
5.2344826E-6
1.12132085E-7
6.633903E-7
1.1910848E-8
1.357902E-8
2.7316044E-10
9.45917E-8
2.2109903E-8
5.2568815E-8
1.3453959E-8
2.2366598E-6
1.2605628E-6
3.0195793E-8
8.019182E-8
2.8620698E-7
9.413261E-8
1.7504257E-9
2.8990849E-8
