1.0931316E-6
6.1888206E-9
5.1155666E-8
4.8282775E-8
3.023729E-8
1.719813E-8
6.97264E-8
8.1002255E-10
9.350769E-9
3.533078E-6
1.3026979E-8
2.3391842E-9
5.2008176E-9
5.150889E-10
6.638657E-9
5.3952705E-9
2.453322E-8
2.5771008E-9
6.134883E-6
6.5416335E-9
1.7435097E-7
4.0700945E-9
2.859551E-9
1.464407E-8
7.693508E-9
1.864762E-9
5.7812715E-9
4.88617E-8
1.8512958E-7
7.0329754E-8
5.5253675E-8
7.900546E-8
4.321274E-9
2.9585642E-8
8.294595E-10
2.9352026E-7
1.3381774E-7
2.9549437E-8
1.1191778E-8
1.54636E-6
3.7679706E-7
5.7086748E-8
2.7796705E-8
1.6857766E-6
