5.4219814E-8
6.647358E-10
1.05860664E-7
1.07001625E-7
1.2035422E-7
1.6805961E-8
4.3474108E-7
2.8725928E-9
3.6390355E-9
2.6284602E-7
2.198525E-9
1.249464E-9
3.0804567E-10
4.6492934E-9
1.6802042E-8
2.7107658E-8
6.7486274E-9
7.194771E-9
9.0430234E-8
2.013288E-8
6.705106E-8
1.6203117E-9
2.1728939E-8
7.4400747E-10
2.2350322E-10
1.6918979E-10
1.2517653E-8
5.2189076E-8
1.6477712E-7
1.0059142E-8
5.3826534E-7
2.8904674E-8
9.42742E-9
1.5545722E-7
4.988211E-10
1.1788939E-7
1.2477445E-8
1.2896635E-7
3.456386E-8
1.5386942E-6
4.449615E-8
3.7421003E-8
6.757083E-8
1.4924291E-7
1.7097768E-9
1.6918979E-10
9.617343E-9
7.558568E-7
9.780801E-6
1.9496742E-9
2.1175494E-7
5.3217477E-6
1.3697771E-6
4.2310648E-7
5.1484276E-6
