2.7895625E-10
1.6918979E-10
1.6918979E-10
1.6918979E-10
1.6918979E-10
6.904174E-8
1.6918979E-10
4.6300457E-9
1.6918979E-10
1.6918979E-10
1.6918979E-10
2.081357E-8
1.6918979E-10
1.6918979E-10
1.6918979E-10
2.487204E-10
3.2494851E-9
1.4046304E-7
3.1044485E-9
2.8622507E-10
3.844655E-7
5.383221E-9
1.6918979E-10
3.2570444E-8
1.6918979E-10
2.2165926E-8
2.6332894E-10
4.6095433E-10
3.015792E-6
5.198648E-7
2.9273632E-9
1.8337368E-10
4.1077243E-8
2.1321357E-8
1.5589347E-7
1.7019573E-10
1.5763464E-9
2.1844253E-8
4.987074E-8
7.898896E-8
7.898896E-8
7.898896E-8
7.898896E-8
7.898896E-8
4.1340652E-4
2.4924856E-7
1.6918979E-10
3.7090824E-9
5.6113787E-8
4.876399E-9
4.2047169E-10
2.6371445E-8
1.0730923E-8
7.003649E-8
3.898051E-8
