1.6918979E-10
1.6918979E-10
1.6918979E-10
1.6918979E-10
9.3067126E-10
5.123884E-9
1.6918979E-10
2.2491198E-9
1.6918979E-10
6.3224626E-10
1.6918979E-10
4.77809E-9
1.6918979E-10
1.6918979E-10
1.6918979E-10
1.6918979E-10
4.4577828E-8
5.4494897E-9
1.6918979E-10
3.49498E-10
1.6918979E-10
1.7497431E-8
1.6918979E-10
3.8585352E-10
2.0607596E-9
8.693822E-9
2.2391669E-10
6.026487E-9
7.34784E-8
1.0726912E-9
1.2423331E-9
5.6240037E-8
8.695887E-9
6.1316645E-9
3.9744137E-8
6.143084E-10
8.018249E-9
3.544771E-8
8.410424E-9
2.6443094E-9
2.724576E-10
5.8995626E-9
1.6918979E-10
7.33784E-8
1.2160662E-8
1.6918979E-10
1.6918979E-10
1.0238048E-9
1.3877426E-9
6.737001E-10
1.6918979E-10
8.356394E-10
1.6918979E-10
6.720756E-9
1.6511534E-9
