1.6918979E-10
2.4673308E-10
1.6918979E-10
5.689861E-10
1.6918979E-10
2.7163893E-9
1.6918979E-10
8.676548E-10
1.6918979E-10
2.9786635E-8
1.6918979E-10
5.013375E-8
9.273466E-9
2.7962307E-10
4.146564E-9
1.6918979E-10
1.173835E-8
4.3815436E-7
8.568232E-9
6.3914337E-7
4.678877E-9
8.4200465E-8
1.953484E-10
1.2245762E-6
6.3716765E-9
5.025826E-7
3.9433342E-8
5.0245615E-7
4.3831233E-7
7.898896E-8
1.1069922E-8
2.1091358E-7
1.1987449E-7
5.698207E-7
4.0901574E-7
8.351136E-10
1.6092754E-8
2.0491079E-8
4.3917696E-9
1.9558834E-6
2.311629E-6
1.5056824E-9
1.1427274E-9
8.167078E-8
2.8426134E-6
2.2259918E-8
1.6918979E-10
