1.6918979E-10
2.2211908E-9
3.381057E-10
8.257551E-10
1.6918979E-10
1.1334756E-8
3.0911967E-10
2.7246185E-7
1.6918979E-10
5.3827973E-9
1.6918979E-10
2.0271779E-7
2.253505E-10
1.6918979E-10
4.3912877E-8
1.6918979E-10
3.8826133E-8
2.9300544E-8
2.7390024E-5
6.969089E-7
7.529096E-7
7.6589544E-8
2.4501923E-9
1.9650174E-6
2.7036486E-7
1.1997707E-7
2.9317049E-9
1.8757633E-9
4.631217E-6
1.0903993E-5
5.523629E-7
1.8388547E-9
8.6990585E-6
1.0998266E-7
3.239902E-8
9.748809E-9
3.914049E-7
6.699737E-8
2.578197E-8
3.61635E-6
2.671229E-7
8.886085E-9
6.228482E-10
9.262281E-8
8.186366E-6
3.2649982E-8
1.6918979E-10
1.1927835E-7
3.5108485E-5
1.6338812E-6
5.9153824E-9
1.0966071E-6
1.348456E-7
4.460211E-9
1.2510095E-5
