3.6797793E-8
1.9039233E-7
6.398762E-8
0
0
6.590441E-7
1.9649798E-8
3.1276453E-9
6.4057746E-9
4.4953985E-8
1.3393427E-6
3.0005243E-9
1.0624571E-7
7.108678E-10
8.621926E-9
3.2070525E-7
1.47149E-8
3.018794E-7
8.2647773E-7
3.073266E-5
4.008574E-4
1.1122096E-6
3.7538157E-7
0
0
2.0699943E-6
2.3509672E-6
1.847743E-6
5.556867E-6
1.2883995E-6
2.1929922E-7
2.8044062E-7
3.0050452E-7
1.7464927E-7
6.644056E-7
1.05252894E-7
1.2107776E-7
2.7708689E-8
1.562577E-6
1.9824829E-7
3.0612154E-7
2.7759551E-8
3.4793697E-8
0
0
1.6918979E-10
6.560031E-7
3.2248607E-7
4.009562E-6
1.0216927E-6
2.3837862E-7
2.0876703E-7
9.851559E-8
1.0790843E-5
2.9819725E-7
5.711916E-6
3.0039234E-7
3.4909618E-7
2.239954E-8
5.274244E-7
3.8714828E-7
7.377837E-8
2.517359E-9
