1.1716321E-6
3.193695E-6
3.1593853E-8
1.5031536E-6
1.6832843E-7
5.9207405E-6
1.242058E-6
1.1427382E-7
1.6052955E-8
2.923802E-6
1.3072066E-7
5.7062807E-6
1.3143037E-7
4.9378368E-8
4.630339E-8
3.4352993E-7
4.2693296E-6
8.91843E-6
1.6392721E-7
2.9371997E-6
1.2940714E-5
2.4491159E-5
4.6358008E-7
4.1746578E-5
1.1308336E-5
3.1584048E-5
1.01136175E-5
4.2500133E-6
3.7429698E-5
3.1795437E-7
1.2030079E-6
4.2338016E-7
1.6741915E-5
2.012025E-6
6.3880184E-6
6.037966E-7
1.8392199E-6
1.2098563E-5
5.4424495E-6
9.153781E-6
9.153781E-6
9.153781E-6
9.153781E-6
9.153781E-6
1.495483E-7
8.554981E-9
1.6918979E-10
2.7650435E-6
3.4728422E-5
9.94195E-7
5.5588396E-7
1.4835347E-6
1.3088298E-6
8.392646E-6
1.5499523E-5
