1.452371E-6
1.3891927E-6
6.2148973E-7
2.3954016E-7
2.6762817E-7
8.45714E-6
3.2969012E-6
5.4702596E-6
1.0008789E-8
7.505493E-6
2.8199042E-6
5.636018E-6
1.7333926E-8
3.7099764E-7
1.2729303E-6
1.8693513E-8
1.05140934E-7
3.7544442E-6
2.9153173E-7
1.1257664E-5
5.6746205E-5
2.6828407E-5
2.2592014E-6
4.075043E-5
2.629329E-5
6.617008E-5
1.1365746E-5
2.5554397E-7
6.078625E-6
3.9496578E-7
1.0192897E-5
2.6122632E-7
4.7310023E-6
3.841109E-6
4.7905553E-7
1.9205137E-7
2.554569E-6
2.594654E-6
4.308835E-5
1.5729865E-5
1.5729865E-5
1.5729865E-5
1.5729865E-5
1.5729865E-5
4.78002E-8
2.9788836E-9
1.6918979E-10
2.463549E-6
4.8301103E-5
1.0884287E-6
1.9252779E-7
1.9275636E-5
4.221251E-6
2.272468E-6
2.5533595E-6
