1.3830755E-6
9.839316E-7
8.899459E-8
5.065141E-7
1.7383565E-8
1.0481592E-8
6.482823E-6
3.3716614E-8
1.1975908E-8
7.196403E-6
2.274328E-8
1.6535264E-6
1.9172909E-5
2.2018787E-7
1.0759543E-6
3.041189E-8
5.9601314E-7
8.007434E-6
3.7084746E-7
2.8679287E-6
3.13828E-6
3.325801E-6
1.0161873E-6
1.01009955E-5
7.716767E-7
2.395236E-5
2.667196E-5
3.1546006E-6
2.849683E-5
9.153781E-6
1.246606E-6
1.6982976E-6
1.073105E-7
1.6178996E-5
3.9275156E-7
2.9215087E-7
1.0351522E-6
2.771217E-6
4.1730706E-7
2.386051E-6
1.671002E-5
1.5572127E-6
5.661304E-7
2.7282377E-7
5.17051E-7
1.2969813E-9
4.9657936E-9
