1.0836437E-5
1.8824976E-5
1.9165587E-5
1.930441E-6
4.830456E-6
2.1394171E-6
1.3170988E-4
1.5957243E-6
1.3101824E-6
1.4114263E-5
4.248799E-8
7.147361E-8
2.2334556E-8
1.0116128E-6
3.7546212E-7
1.6074607E-7
4.3055584E-6
1.1470472E-7
4.997036E-7
1.9076342E-6
2.478215E-5
4.1970534E-7
5.072175E-6
4.536511E-7
1.3578472E-6
7.54624E-7
2.619312E-6
1.716133E-5
1.5031803E-5
1.2528918E-6
4.0614937E-6
4.7892604E-7
5.803838E-5
7.218405E-6
5.594395E-8
1.5989751E-7
2.9405799E-6
2.9983316E-6
1.5996866E-7
3.6320225E-6
2.0608244E-5
1.0257307E-5
3.332392E-6
1.1146401E-6
