9.397583E-7
3.3249162E-6
2.3454955E-7
5.9461445E-6
8.144337E-7
6.682957E-8
1.9034063E-6
1.4540622E-7
3.538428E-8
1.0775624E-6
1.9964521E-9
1.2412542E-7
1.3413027E-8
1.4662634E-9
1.2424401E-6
4.190286E-8
2.1966186E-7
1.1338436E-6
3.3637992E-8
4.5856773E-6
8.8128024E-7
1.9861838E-8
5.1726634E-6
8.970999E-8
3.1459706E-6
4.004203E-8
4.324554E-7
2.7543584E-7
1.583785E-6
2.4109777E-6
5.497654E-6
2.5816854E-7
9.2641994E-7
8.29936E-7
2.0761915E-8
2.6798176E-7
4.5648088E-7
1.5415782E-6
1.11373694E-7
5.2746134E-7
2.0256647E-7
1.5814576E-6
3.3687937E-7
8.573864E-8
2.3228301E-7
1.4638868E-9
2.0328272E-9
6.7473553E-7
4.2143665E-6
4.722199E-6
1.6020081E-8
8.674148E-8
1.1849648E-6
9.735643E-8
3.999171E-6
