3.1022925E-8
5.54391E-7
9.505955E-8
1.3560086E-9
7.987605E-8
2.638873E-8
1.4191765E-7
7.146879E-7
9.407356E-10
3.4093306E-9
1.5738566E-9
3.4726924E-7
1.8677333E-9
4.2465206E-8
8.281379E-9
2.486631E-7
1.8579709E-7
4.7499535E-7
3.1244763E-8
5.1646697E-7
9.1225065E-6
2.1136907E-7
2.096364E-7
2.4142528E-6
1.4208412E-6
2.5186226E-5
1.9036122E-8
3.280331E-7
1.8173706E-7
1.0584366E-8
5.4181436E-7
1.3359466E-8
1.0641119E-7
1.402115E-7
1.6360891E-6
6.287246E-9
2.5039E-7
4.0276245E-8
4.9424727E-8
4.2645887E-8
1.6420033E-8
6.806852E-8
6.367072E-10
4.3219437E-8
5.3759972E-8
1.6918979E-10
1.6918979E-10
1.5852031E-7
1.8301333E-7
2.8180786E-8
1.1452727E-8
7.3234105E-8
5.6311658E-9
1.1652205E-6
2.7986506E-8
