5.5836974E-8
7.9992574E-8
1.6115907E-8
2.9441E-8
6.238609E-7
8.3499594E-7
1.903286E-7
1.5879607E-7
2.4277456E-8
5.129219E-6
1.9080633E-9
2.93164E-7
9.210189E-10
4.67889E-9
3.6006515E-8
2.5783594E-8
1.1785341E-6
1.5964001E-6
8.162567E-7
3.3448367E-7
2.5963027E-8
1.5710852E-6
1.74023E-8
4.34734E-6
2.0622534E-7
5.4817446E-7
2.8647387E-6
1.6110804E-6
2.2370791E-7
9.098907E-9
6.998521E-8
1.1897111E-7
1.3926708E-6
2.2165551E-7
1.1099145E-6
2.4717597E-8
3.822117E-7
1.2587122E-6
2.1622033E-7
1.13228495E-7
7.89571E-8
1.13468474E-7
5.88731E-10
6.097205E-8
9.9347695E-9
1.6918979E-10
1.6918979E-10
2.4045028E-7
4.7459258E-7
2.1823737E-7
1.1120426E-8
2.4014875E-8
4.698585E-8
2.1846228E-7
1.5897411E-6
