8.278953E-7
3.7734778E-6
1.694849E-6
1.6076326E-8
1.3056984E-7
6.266085E-8
1.2784413E-6
1.7347743E-8
1.7163418E-9
2.3292021E-7
3.994637E-8
3.132743E-7
2.4824185E-8
6.8936444E-8
4.947092E-7
1.8323908E-8
3.9624187E-8
3.985829E-6
4.975046E-8
1.0279759E-5
1.1108332E-5
9.1968707E-7
1.5277891E-6
2.1252605E-7
8.022063E-6
4.9888167E-6
2.022395E-5
4.0792716E-7
2.194658E-4
1.5729865E-5
1.3044059E-5
9.678045E-6
4.2090244E-7
8.765039E-7
2.2525121E-7
3.3824352E-7
2.045179E-6
1.6220787E-6
2.7098827E-7
1.6170863E-5
1.1520523E-6
4.040747E-6
3.2900488E-8
1.0891101E-5
6.9224406E-8
1.1474587E-8
1.5255099E-8
