2.3727767E-7
4.013132E-7
3.149071E-7
1.2009892E-6
1.5485993E-7
8.633134E-7
1.5909264E-6
1.2802089E-9
4.1212598E-9
2.4208103E-7
1.4213533E-9
1.5213017E-8
1.1719267E-9
3.3086783E-7
2.1564016E-8
2.9919113E-7
1.5304279E-8
6.0132106E-7
7.139553E-7
2.5890554E-6
1.2755758E-5
1.4928E-8
1.3415306E-6
2.386474E-8
7.331405E-9
2.7832794E-8
9.3446187E-7
2.9287938E-7
1.9167294E-6
1.1068686E-6
1.3524811E-6
4.0477252E-7
3.577189E-8
5.6387296E-7
4.843501E-9
5.525281E-8
2.3582902E-7
8.4686167E-7
8.536989E-8
1.8764062E-7
1.2192945E-7
8.626482E-8
1.5610489E-6
2.9490323E-7
2.6136417E-8
2.8458827E-10
4.2617265E-9
9.941623E-7
2.656616E-5
4.317795E-9
6.813457E-7
5.7250634E-7
8.32321E-7
1.0662086E-7
2.9693238E-6
