8.7851737E-7
2.0758212E-6
3.0832662E-6
6.175001E-7
4.4138727E-7
8.707028E-7
2.7059818E-5
1.7531345E-9
9.327122E-9
7.8539944E-7
8.9573524E-7
1.3709975E-7
1.4121837E-7
1.0123193E-5
2.7068992E-7
1.1881446E-7
7.244636E-7
3.0537976E-7
7.673473E-7
1.2323477E-4
5.3883827E-4
8.907215E-8
6.169743E-6
1.0031179E-6
1.0577479E-6
2.4990834E-7
1.9100598E-5
9.2010686E-7
2.3371017E-6
8.190478E-6
1.5281645E-5
7.36417E-7
7.0192146E-7
9.335627E-6
1.2443133E-8
6.1416046E-7
2.3884518E-6
6.9726485E-7
3.8645496E-7
3.1022194E-6
2.7122314E-6
6.705643E-7
4.0987675E-7
9.128145E-6
